product_id,similar_product_id,distance
0,824,0.0
1,594,18.328662872314453
2,164,3.3243021965026855
3,269,13.831266403198242
4,399,9.630115509033203
5,1290,13.849411964416504
6,524,13.977940559387207
7,832,3.2561278343200684
8,689,11.331157684326172
9,498,9.428712844848633
10,563,4.685141086578369
11,126,10.783743858337402
12,296,16.09653091430664
13,326,8.028755187988281
14,656,3.7635748386383057
15,152,7.141075134277344
16,1284,11.356204986572266
17,214,10.709688186645508
18,205,6.59784460067749
19,675,11.542156219482422
20,520,8.943592071533203
21,801,4.392659664154053
22,484,14.993485450744629
23,610,0.0
24,490,4.000433921813965
25,225,7.562012195587158
26,384,1.113384485244751
27,818,0.2779698669910431
28,533,14.214197158813477
29,689,16.6038818359375
30,818,0.2779698669910431
31,379,7.144021987915039
32,214,10.709688186645508
33,671,10.848759651184082
34,514,3.742335319519043
35,154,7.966363906860352
36,948,5.000799655914307
37,792,10.916800498962402
38,191,10.303940773010254
39,27,0.26884761452674866
40,353,7.725606918334961
41,755,0.0
42,590,14.016210556030273
43,687,0.0
44,2,7.899458408355713
45,603,0.6387776136398315
46,249,12.958159446716309
47,520,11.403827667236328
48,455,3.9005823135375977
49,144,5.351904392242432
50,832,4.537014961242676
51,832,1.4658195972442627
52,24,9.242034912109375
53,353,7.033775329589844
54,813,11.923748016357422
55,347,8.708924293518066
56,1042,7.620631217956543
57,158,8.604761123657227
58,806,10.350468635559082
59,646,5.903741836547852
60,1042,7.906579494476318
61,1341,4.001582622528076
62,730,10.495145797729492
63,536,4.255667209625244
64,687,0.0
65,471,14.092426300048828
66,388,12.245381355285645
67,486,13.537704467773438
68,584,5.275828838348389
69,408,5.371715068817139
70,647,2.1103060245513916
71,368,8.272773742675781
72,492,4.069748401641846
73,696,4.498752593994141
74,330,3.3376963138580322
75,497,8.671073913574219
76,581,6.790337562561035
77,245,11.396722793579102
78,365,13.651426315307617
79,711,7.852242469787598
80,10,7.21816873550415
81,789,7.221167087554932
82,144,5.353407382965088
83,269,14.359260559082031
84,426,7.896286964416504
85,69,3.6248788833618164
86,7,13.427924156188965
87,74,5.6473798751831055
88,824,0.0
89,115,5.182480812072754
90,594,5.86769962310791
91,696,4.498752593994141
92,325,8.42620849609375
93,45,0.42168164253234863
94,788,6.11745548248291
95,27,0.26884761452674866
96,340,3.327609062194824
97,806,8.949238777160645
98,1034,5.824715614318848
99,710,6.240287780761719
100,218,3.1852874755859375
101,668,0.0
102,542,0.0
103,563,4.685141086578369
104,730,10.79936695098877
105,582,11.344751358032227
106,793,6.799349784851074
107,838,10.677539825439453
108,366,0.8282047510147095
109,775,11.895803451538086
110,376,10.051109313964844
111,591,3.3053488731384277
112,127,14.515087127685547
113,366,0.957229733467102
114,251,0.20859116315841675
115,89,5.182480812072754
116,1142,5.41214656829834
117,238,0.2584322392940521
118,382,6.982234001159668
119,542,0.0
120,312,1.6567736864089966
121,24,11.53286361694336
122,784,13.096668243408203
123,560,10.248735427856445
124,361,5.225528717041016
125,396,7.858127593994141
126,1257,8.053712844848633
127,1004,8.780754089355469
128,710,6.240287780761719
129,602,7.340812683105469
130,620,6.976049900054932
131,209,10.065020561218262
132,432,3.9542574882507324
133,500,6.684514999389648
134,533,11.067913055419922
135,603,8.634346008300781
136,877,11.095636367797852
137,548,12.492267608642578
138,745,11.909065246582031
139,780,18.85162925720215
140,1346,14.511837005615234
141,794,7.679651260375977
142,807,9.175058364868164
143,767,10.900064468383789
144,82,5.353407382965088
145,675,12.00357723236084
146,791,12.634725570678711
147,458,9.9329833984375
148,791,12.261874198913574
149,687,0.0
150,804,10.35235595703125
151,536,8.355518341064453
152,164,7.215056419372559
153,155,4.609302043914795
154,35,7.966363906860352
155,520,4.326237678527832
156,802,8.98116683959961
157,292,10.684211730957031
158,581,6.790337562561035
159,862,8.186052322387695
160,788,4.223579406738281
161,184,5.682832717895508
162,609,5.576408386230469
163,771,8.693716049194336
164,2,3.3243021965026855
165,26,0.9011625051498413
166,209,5.961914539337158
167,245,11.396722793579102
168,111,5.492640495300293
169,382,10.789989471435547
170,4,10.189382553100586
171,616,10.007285118103027
172,689,11.275128364562988
173,668,0.0
174,9,12.181007385253906
175,610,0.0
176,123,8.327204704284668
177,73,20.900829315185547
178,20,9.827112197875977
179,603,0.5926233530044556
180,193,4.881176471710205
181,446,6.133065700531006
182,758,5.420018672943115
183,486,0.0
184,625,5.2170562744140625
185,792,10.916800498962402
186,579,10.382172584533691
187,332,5.5735392570495605
188,439,9.545459747314453
189,669,9.279950141906738
190,209,7.4274444580078125
191,278,4.309870719909668
192,207,11.400601387023926
193,231,4.898435592651367
194,1016,20.301952362060547
195,1087,6.730625152587891
196,263,16.828861236572266
197,554,11.040096282958984
198,308,7.58806037902832
199,1353,8.058061599731445
200,231,5.253835201263428
201,182,15.333699226379395
202,675,12.75156307220459
203,610,0.0
204,425,14.664746284484863
205,252,4.768068313598633
206,459,8.496993064880371
207,804,10.505929946899414
208,702,7.706210136413574
209,285,5.161165237426758
210,500,4.501288890838623
211,321,6.42822265625
212,486,0.0
213,999,10.675211906433105
214,1257,8.053712844848633
215,351,4.438539981842041
216,562,7.9645867347717285
217,647,12.042219161987305
218,716,3.170166254043579
219,345,10.840139389038086
220,340,7.2616658210754395
221,330,3.3376963138580322
222,580,7.093350410461426
223,540,3.557448387145996
224,824,0.0
225,793,6.799349784851074
226,755,0.0
227,722,13.437187194824219
228,212,11.267364501953125
229,346,4.865809440612793
230,413,1.5107803344726562
231,193,4.898435592651367
232,689,17.069538116455078
233,497,8.734031677246094
234,1016,20.301952362060547
235,155,10.85611343383789
236,336,8.049623489379883
237,70,6.392232894897461
238,619,0.2584322392940521
239,401,17.509191513061523
240,277,11.902214050292969
241,674,7.1594157218933105
242,757,8.857359886169434
243,542,0.0
244,353,7.472933769226074
245,402,11.402019500732422
246,256,9.55844497680664
247,819,5.895356178283691
248,412,15.279495239257812
249,2,7.899458408355713
250,225,7.562012195587158
251,619,0.2584322392940521
252,205,4.768068313598633
253,386,14.900028228759766
254,346,10.124338150024414
255,630,5.4241623878479
256,999,10.675211906433105
257,630,4.000433921813965
258,15,7.127459526062012
259,275,9.678993225097656
260,489,6.670438289642334
261,1377,15.717752456665039
262,328,4.706094264984131
263,544,11.09858512878418
264,583,11.976655006408691
265,669,6.38353157043457
266,566,12.312212944030762
267,784,12.959819793701172
268,252,4.671596527099609
269,278,4.9738240242004395
270,120,1.6833961009979248
271,269,13.47546672821045
272,275,6.2366766929626465
273,215,11.396539688110352
274,603,9.652145385742188
275,49,4.998903274536133
276,229,17.23412322998047
277,184,5.325656890869141
278,538,5.1451897621154785
279,496,10.635210037231445
280,442,12.850003242492676
281,829,0.7348767518997192
282,481,8.808915138244629
283,825,7.724200248718262
284,754,3.136875629425049
285,111,4.105281829833984
286,326,8.354425430297852
287,70,6.392232894897461
288,334,5.058259010314941
289,1267,6.806764125823975
290,647,4.058172225952148
291,252,4.6302995681762695
292,771,8.396245956420898
293,838,5.265333652496338
294,467,9.552837371826172
295,610,0.0
296,181,14.408743858337402
297,385,10.770406723022461
298,180,5.468329429626465
299,35,7.966363906860352
300,687,0.0
301,687,0.0
302,718,12.730705261230469
303,641,15.994344711303711
304,413,5.521026611328125
305,344,9.44505786895752
306,514,3.742335319519043
307,21,6.321681499481201
308,325,8.42620849609375
309,552,12.16475772857666
310,616,8.697710037231445
311,181,14.408743858337402
312,120,1.6567736864089966
313,696,8.752937316894531
314,231,5.879445552825928
315,231,5.64052677154541
316,791,12.261874198913574
317,79,10.361917495727539
318,413,2.7236413955688477
319,150,11.054222106933594
320,968,6.631058692932129
321,361,5.439460277557373
322,368,8.272773742675781
323,813,11.923748016357422
324,721,8.31520938873291
325,408,5.371715068817139
326,538,11.283255577087402
327,1189,6.364843368530273
328,585,3.1821231842041016
329,231,5.152311325073242
330,541,5.539617538452148
331,825,7.267068862915039
332,498,9.617020606994629
333,456,2.015493869781494
334,651,6.675946235656738
335,491,11.547542572021484
336,312,1.6567736864089966
337,696,8.752937316894531
338,292,11.907045364379883
339,668,0.0
340,413,2.7236413955688477
341,372,8.990533828735352
342,576,6.588625907897949
343,353,7.048216819763184
344,26,0.8967585563659668
345,283,7.53120756149292
346,200,4.120398998260498
347,317,7.945514678955078
348,799,17.32068634033203
349,246,12.332300186157227
350,266,7.165246963500977
351,808,5.2350873947143555
352,155,3.8401951789855957
353,152,7.141077041625977
354,502,6.31651496887207
355,687,0.0
356,115,5.182480812072754
357,757,11.034238815307617
358,472,6.027400970458984
359,715,0.8672913908958435
360,362,16.70398712158203
361,211,6.563940048217773
362,471,14.691847801208496
363,328,3.8107078075408936
364,579,9.901739120483398
365,24,3.5606956481933594
366,718,0.957229733467102
367,24,11.53286361694336
368,330,3.246952533721924
369,49,10.254621505737305
370,755,0.0
371,161,9.028966903686523
372,341,8.990533828735352
373,181,7.971843719482422
374,681,4.515118598937988
375,1249,8.843158721923828
376,268,6.787903785705566
377,1042,7.799582481384277
378,745,11.950145721435547
379,31,7.144021987915039
380,804,10.445829391479492
381,664,4.411656379699707
382,520,3.7150142192840576
383,702,7.940155029296875
384,26,1.113384485244751
385,264,8.853033065795898
386,433,7.999808311462402
387,1010,7.576470375061035
388,669,8.631555557250977
389,456,9.443851470947266
390,181,13.929637908935547
391,31,7.605617523193359
392,192,16.902549743652344
393,576,6.588625907897949
394,554,10.53012466430664
395,669,9.37369155883789
396,164,3.4199905395507812
397,1276,5.428201675415039
398,4,9.340066909790039
399,440,6.508686542510986
400,471,12.171911239624023
401,1247,7.264088153839111
402,438,11.402019500732422
403,155,9.42629623413086
404,486,0.0
405,364,14.313867568969727
406,299,8.60123348236084
407,1276,5.428201675415039
408,1202,5.262711524963379
409,320,8.631637573242188
410,713,16.57550048828125
411,45,8.795389175415039
412,824,0.0
413,318,2.7236413955688477
414,568,8.958301544189453
415,696,4.498752593994141
416,165,16.08686637878418
417,707,13.889776229858398
418,121,13.09042739868164
419,770,19.041519165039062
420,120,12.320564270019531
421,675,11.912257194519043
422,668,0.0
423,668,0.0
424,79,10.522592544555664
425,777,6.624131679534912
426,575,5.174699783325195
427,498,7.340010643005371
428,125,11.333647727966309
429,329,7.6867356300354
430,486,0.0
431,221,5.312155723571777
432,218,3.1852874755859375
433,330,3.6245808601379395
434,700,9.729927062988281
435,610,0.0
436,715,11.851966857910156
437,542,0.0
438,402,11.402019500732422
439,1334,5.80842399597168
440,540,3.557448387145996
441,181,13.868896484375
442,669,8.631555557250977
443,1359,7.0787272453308105
444,819,5.395950794219971
445,531,5.526913166046143
446,181,6.133065700531006
447,85,15.125423431396484
448,399,5.494058609008789
449,621,9.378540992736816
450,205,5.893465995788574
451,521,15.787017822265625
452,824,0.0
453,115,6.531565189361572
454,648,11.695169448852539
455,596,1.4081639051437378
456,120,1.415306568145752
457,111,6.757811069488525
458,318,2.7236413955688477
459,45,0.42168164253234863
460,486,0.0
461,485,10.335865020751953
462,682,5.138567924499512
463,566,10.543519973754883
464,634,5.891953945159912
465,433,15.713696479797363
466,124,16.519302368164062
467,223,6.449518203735352
468,251,0.2298210710287094
469,396,6.473112106323242
470,753,4.01454496383667
471,635,12.711112976074219
472,1086,6.7540130615234375
473,254,12.622520446777344
474,255,7.811459064483643
475,486,0.0
476,199,13.147907257080078
477,413,1.5107803344726562
478,417,13.642810821533203
479,1215,11.865959167480469
480,1307,18.15444564819336
481,160,7.483852386474609
482,352,4.315789222717285
483,774,11.205732345581055
484,446,4.702112197875977
485,746,6.691103458404541
486,486,0.0
487,115,6.531565189361572
488,511,10.67600154876709
489,472,6.027400970458984
490,630,4.000433921813965
491,801,5.494219779968262
492,514,4.069748401641846
493,498,6.002412796020508
494,356,8.437299728393555
495,668,0.0
496,138,9.248289108276367
497,802,8.889554023742676
498,252,4.6302995681762695
499,368,9.086408615112305
500,63,5.154803276062012
501,838,10.043804168701172
502,587,8.801210403442383
503,210,9.520051956176758
504,610,0.0
505,796,8.303632736206055
506,682,4.277657508850098
507,542,0.0
508,161,7.189184665679932
509,647,2.1628828048706055
510,374,11.854059219360352
511,50,11.114119529724121
512,255,5.286724090576172
513,720,8.397624969482422
514,492,4.069748401641846
515,719,14.806178092956543
516,1254,9.047826766967773
517,702,7.212991714477539
518,399,5.494058609008789
519,687,0.0
520,118,4.431661128997803
521,207,11.000770568847656
522,575,10.452767372131348
523,1046,7.182061195373535
524,242,9.01431655883789
525,511,10.67600154876709
526,463,10.785526275634766
527,687,0.0
528,554,13.550830841064453
529,1257,9.889110565185547
530,374,5.330606937408447
531,610,0.0
532,1087,12.245603561401367
533,685,7.526390075683594
534,706,4.756918907165527
535,811,13.00643539428711
536,585,3.858539581298828
537,806,10.509401321411133
538,278,5.1451897621154785
539,456,2.061666965484619
540,563,5.07880973815918
541,74,6.109706878662109
542,542,0.0
543,285,4.025852203369141
544,486,0.0
545,824,0.0
546,630,4.716006278991699
547,269,4.343701362609863
548,379,9.52485466003418
549,372,6.71272087097168
550,26,0.9011625051498413
551,610,0.0
552,213,13.285335540771484
553,308,14.548700332641602
554,284,5.083157539367676
555,716,2.956260919570923
556,91,20.471664428710938
557,594,14.639778137207031
558,1215,11.86596393585205
559,806,8.836645126342773
560,123,10.248735427856445
561,218,3.170166254043579
562,810,4.545134544372559
563,103,4.685141086578369
564,285,8.19544792175293
565,542,0.0
566,789,7.310325622558594
567,824,0.0
568,616,9.057731628417969
569,455,3.020038604736328
570,867,14.10268497467041
571,542,0.0
572,767,7.195211410522461
573,310,13.74864387512207
574,561,3.6889424324035645
575,536,4.26278018951416
576,160,5.4706807136535645
577,580,1.6957324743270874
578,327,8.583244323730469
579,278,4.825234413146973
580,51,1.5881216526031494
581,372,6.71272087097168
582,768,8.89637279510498
583,562,7.9645867347717285
584,489,6.670438289642334
585,363,3.79308819770813
586,69,10.641460418701172
587,842,6.89993953704834
588,61,9.326451301574707
589,875,11.788492202758789
590,459,0.7327046394348145
591,457,4.470381736755371
592,1285,14.082279205322266
593,771,8.693716049194336
594,753,4.01454496383667
595,24,11.53286361694336
596,832,1.5473603010177612
597,353,7.725606918334961
598,646,7.946172714233398
599,879,12.841185569763184
600,229,7.759843826293945
601,439,7.746222496032715
602,808,5.569404602050781
603,459,0.7327046394348145
604,245,11.267705917358398
605,755,0.0
606,421,13.895092964172363
607,811,4.6566667556762695
608,983,13.68380355834961
609,277,5.165502071380615
610,610,0.0
611,329,9.237520217895508
612,554,10.53012466430664
613,838,10.043804168701172
614,758,17.10796546936035
615,1289,6.993721008300781
616,520,4.57609748840332
617,255,7.811459064483643
618,255,15.707040786743164
619,238,0.2584322392940521
620,377,7.744898796081543
621,647,2.1628828048706055
622,30,0.2779698669910431
623,643,9.678468704223633
624,641,15.994344711303711
625,609,5.197355270385742
626,1319,12.57661247253418
627,320,5.396274566650391
628,268,9.608304977416992
629,86,17.737838745117188
630,490,4.000433921813965
631,808,4.591892719268799
632,750,3.1461451053619385
633,472,9.59464168548584
634,632,4.655540466308594
635,471,12.711112976074219
636,956,8.189126014709473
637,687,0.0
638,314,5.013929843902588
639,388,12.935131072998047
640,668,0.0
641,1267,7.835008144378662
642,554,12.316740036010742
643,4,10.189382553100586
644,332,10.439376831054688
645,171,10.30226993560791
646,82,4.995631694793701
647,750,2.1628828048706055
648,454,11.695169448852539
649,631,8.3099946975708
650,35,7.63666296005249
651,334,6.675946235656738
652,368,5.467002868652344
653,528,14.639541625976562
654,621,5.262758255004883
655,439,7.746222496032715
656,594,4.01454496383667
657,1175,7.585080146789551
658,461,11.15025520324707
659,1263,11.516632080078125
660,594,16.331409454345703
661,10,10.592037200927734
662,251,0.20859116315841675
663,874,8.907815933227539
664,811,4.80897331237793
665,838,10.935365676879883
666,126,10.783743858337402
667,598,13.360910415649414
668,668,0.0
669,82,5.1552653312683105
670,755,0.0
671,233,8.48390007019043
672,648,10.65457534790039
673,379,7.944671630859375
674,252,4.63828182220459
675,362,10.244987487792969
676,756,11.171304702758789
677,26,0.8967585563659668
678,809,16.338380813598633
679,755,0.0
680,595,38.70452880859375
681,328,3.8107078075408936
682,702,3.251055955886841
683,56,5.965885162353516
684,631,16.445756912231445
685,164,3.9476161003112793
686,287,7.830098628997803
687,687,0.0
688,327,8.583244323730469
689,720,9.447844505310059
690,455,1.2696353197097778
691,325,19.69814682006836
692,755,0.0
693,1042,5.716910362243652
694,491,15.842628479003906
695,755,0.0
696,490,4.000433921813965
697,755,0.0
698,1217,9.012475967407227
699,782,0.9749044179916382
700,575,4.261378765106201
701,155,10.85611343383789
702,682,3.251055955886841
703,425,11.660475730895996
704,236,14.804805755615234
705,542,0.0
706,543,4.076979637145996
707,126,8.151554107666016
708,509,2.5651750564575195
709,398,8.674436569213867
710,100,3.8583433628082275
711,347,8.708924293518066
712,298,5.625493049621582
713,745,12.508054733276367
714,231,4.583523750305176
715,359,0.8672913908958435
716,218,3.170166254043579
717,481,8.808915138244629
718,366,0.957229733467102
719,74,5.390087604522705
720,496,10.24865436553955
721,554,5.504342079162598
722,1099,8.043063163757324
723,120,1.2448831796646118
724,774,10.979043960571289
725,118,10.220808982849121
726,610,0.0
727,668,0.0
728,486,0.0
729,554,9.749797821044922
730,771,9.106012344360352
731,595,38.70452880859375
732,298,5.8737897872924805
733,784,14.142155647277832
734,948,6.348346710205078
735,329,8.122974395751953
736,754,3.136875629425049
737,125,11.343400955200195
738,208,11.150226593017578
739,433,15.713696479797363
740,486,0.0
741,811,7.651590347290039
742,505,8.368936538696289
743,543,10.872428894042969
744,542,0.0
745,273,9.061135292053223
746,587,8.801210403442383
747,364,13.759990692138672
748,73,10.999637603759766
749,669,9.56889533996582
750,647,2.1628828048706055
751,832,1.4658195972442627
752,933,20.468101501464844
753,594,4.01454496383667
754,647,2.1628828048706055
755,755,0.0
756,1300,13.786272048950195
757,524,8.154802322387695
758,584,5.12573766708374
759,372,8.990533828735352
760,689,17.068222045898438
761,208,11.367507934570312
762,824,0.0
763,6,10.062110900878906
764,341,8.990533828735352
765,74,5.6473798751831055
766,784,12.795177459716797
767,808,5.529604911804199
768,279,12.227327346801758
769,1373,11.85548210144043
770,207,11.000770568847656
771,730,9.106012344360352
772,1016,8.065083503723145
773,779,14.866961479187012
774,123,12.646247863769531
775,829,8.386125564575195
776,617,12.523573875427246
777,825,7.810467720031738
778,520,7.461769104003906
779,528,12.199163436889648
780,421,12.798194885253906
781,742,11.096624374389648
782,610,0.0
783,836,12.763384819030762
784,559,12.428581237792969
785,757,8.594504356384277
786,1290,14.198619842529297
787,352,9.185029983520508
788,514,4.069748401641846
789,757,10.098041534423828
790,721,8.581254959106445
791,511,9.289794921875
792,115,7.26199197769165
793,788,5.285796165466309
794,141,7.679651260375977
795,388,12.732226371765137
796,520,8.3639497756958
797,661,8.698285102844238
798,9,10.769865036010742
799,1346,13.051813125610352
800,181,14.051172256469727
801,585,3.2378957271575928
802,497,8.889554023742676
803,486,0.0
804,207,10.505929946899414
805,594,16.331409454345703
806,58,10.350468635559082
807,649,9.33645248413086
808,602,5.569404602050781
809,371,11.044710159301758
810,811,4.768430709838867
811,664,4.80897331237793
812,134,11.967826843261719
813,730,11.322708129882812
814,488,10.296134948730469
815,730,8.960955619812012
816,824,0.0
817,791,12.901517868041992
818,30,0.2779698669910431
819,247,5.895356178283691
820,235,7.980355262756348
821,669,7.737167835235596
822,712,5.10250186920166
823,499,9.126569747924805
824,824,0.0
825,777,7.810467720031738
826,509,6.1338605880737305
827,806,10.339689254760742
828,208,11.616074562072754
829,603,0.6387776136398315
830,668,0.0
831,1016,20.301952362060547
832,751,1.4658195972442627
833,500,4.939675331115723
834,181,14.27853775024414
835,214,9.447818756103516
836,493,10.351497650146484
837,120,1.2448831796646118
838,293,5.265333652496338
839,454,11.695169448852539
840,784,15.862931251525879
841,656,3.7635748386383057
842,472,10.089033126831055
843,1201,7.447081089019775
844,1137,0.6018377542495728
845,884,0.8432199954986572
846,1303,5.8097076416015625
847,884,0.8085653781890869
848,706,9.802501678466797
849,1094,0.9473534226417542
850,1221,1.5258982181549072
851,1347,0.8157556056976318
852,1292,7.8052520751953125
853,1292,6.8271379470825195
854,1141,4.002074241638184
855,1332,2.505929470062256
856,846,4.876577377319336
857,116,5.41214656829834
858,1302,3.465294122695923
859,663,8.907815933227539
860,1289,4.380438327789307
861,1263,3.597174882888794
862,1260,5.18339729309082
863,1376,3.5299768447875977
864,1141,0.8208730220794678
865,1387,7.111954212188721
866,1089,1.4457066059112549
867,1214,6.606644153594971
868,60,11.64791202545166
869,1231,12.203001022338867
870,1092,7.351863861083984
871,861,8.279499053955078
872,1169,1.361304759979248
873,1329,1.8119912147521973
874,663,8.907815933227539
875,951,7.460414886474609
876,1222,12.703414916992188
877,1127,6.899582862854004
878,1305,0.7910155653953552
879,1335,3.3021597862243652
880,1017,6.154499053955078
881,1220,10.626813888549805
882,1231,6.924074649810791
883,1130,1.361304759979248
884,845,0.8432199954986572
885,908,0.6664049625396729
886,1348,10.923784255981445
887,1019,5.778639793395996
888,1329,1.9982082843780518
889,1308,1.4635629653930664
890,1025,10.058229446411133
891,1059,10.646764755249023
892,1190,0.9029001593589783
893,1161,1.9982082843780518
894,951,7.095982074737549
895,1316,13.388418197631836
896,1332,7.9540510177612305
897,1017,6.154499053955078
898,1378,8.26738166809082
899,1068,6.716177940368652
900,1178,6.495537757873535
901,1212,1.6361348628997803
902,578,7.346615791320801
903,1158,0.7910155653953552
904,1362,12.285261154174805
905,1155,3.075042963027954
906,1376,3.5299768447875977
907,1078,3.4878458976745605
908,1141,0.8208730220794678
909,1086,9.09805679321289
910,1185,11.93305778503418
911,1043,0.8201411962509155
912,1158,0.7914915680885315
913,1198,7.838884353637695
914,1376,2.9443516731262207
915,924,8.008805274963379
916,1335,3.3021597862243652
917,1319,5.432530403137207
918,847,10.782058715820312
919,1138,6.485903739929199
920,1088,11.392801284790039
921,1137,0.6018377542495728
922,1296,0.873278021812439
923,1315,5.625242233276367
924,915,8.008805274963379
925,60,11.64791202545166
926,1097,0.4095478355884552
927,1030,3.6558187007904053
928,1364,1.3172838687896729
929,1274,0.8201411962509155
930,998,8.0791015625
931,1185,9.130473136901855
932,1237,3.668283462524414
933,1246,2.185973882675171
934,1185,9.130473136901855
935,516,9.047826766967773
936,913,7.838884353637695
937,1303,5.8097076416015625
938,318,5.389915943145752
939,930,8.319385528564453
940,884,0.8432199954986572
941,1089,1.8869805335998535
942,1078,3.3478426933288574
943,1319,10.430398941040039
944,1027,5.18339729309082
945,998,5.802746295928955
946,1236,7.204583644866943
947,1382,4.190025329589844
948,327,6.263815879821777
949,1314,6.700113296508789
950,954,8.798593521118164
951,578,7.346615791320801
952,1249,2.0414233207702637
953,1032,3.5962681770324707
954,950,8.798593521118164
955,1343,3.940847873687744
956,1268,5.236280918121338
957,1126,7.046779632568359
958,1302,2.950503349304199
959,1280,2.2978761196136475
960,1087,5.289697647094727
961,1144,3.4878439903259277
962,1061,1.4099116325378418
963,998,8.0791015625
964,1335,12.664337158203125
965,915,8.531427383422852
966,1149,13.70804214477539
967,961,14.477655410766602
968,354,7.517304420471191
969,1192,17.35403060913086
970,1068,7.976454257965088
971,1032,5.0266523361206055
972,1151,4.8894147872924805
973,1388,13.883434295654297
974,1225,3.075042963027954
975,1126,6.776734352111816
976,1382,7.610967636108398
977,1260,3.8362181186676025
978,1098,9.42735481262207
979,1144,12.446985244750977
980,1054,0.8373984098434448
981,1358,11.392801284790039
982,1319,10.430398941040039
983,1179,3.003171920776367
984,1327,1.1569678783416748
985,1364,1.9718420505523682
986,1269,7.750551223754883
987,1201,6.331713676452637
988,1381,0.9769993424415588
989,815,11.840895652770996
990,993,0.8588486909866333
991,1221,1.9636667966842651
992,1316,5.048184871673584
993,1069,0.9700987935066223
994,1316,13.388418197631836
995,1252,1.0366922616958618
996,1241,0.9218108654022217
997,1087,10.10776138305664
998,1332,2.505929470062256
999,1092,6.878645896911621
1000,1130,1.1196215152740479
1001,292,10.303546905517578
1002,1362,6.338905334472656
1003,1314,6.79286003112793
1004,1268,5.3385396003723145
1005,1179,3.003171920776367
1006,739,18.32353401184082
1007,951,7.095982074737549
1008,1198,7.838884353637695
1009,1111,1.3431572914123535
1010,1062,3.458407402038574
1011,1184,5.380360126495361
1012,1120,7.119972229003906
1013,1252,0.9500693082809448
1014,1145,5.035552024841309
1015,739,16.66129493713379
1016,1286,2.0414233207702637
1017,1275,5.579800605773926
1018,1343,4.525786876678467
1019,887,5.778639793395996
1020,919,12.162666320800781
1021,1292,6.8271379470825195
1022,1234,7.8052520751953125
1023,1382,4.190025329589844
1024,1130,1.1196215152740479
1025,1149,10.058229446411133
1026,1316,10.219640731811523
1027,1260,5.18339729309082
1028,887,5.778639793395996
1029,318,5.389915943145752
1030,1032,3.6558187007904053
1031,861,8.279499053955078
1032,1030,3.6558187007904053
1033,1174,3.91094970703125
1034,1315,5.625242233276367
1035,1313,3.481632709503174
1036,921,0.6018377542495728
1037,1019,5.778639793395996
1038,1308,1.4635629653930664
1039,1270,0.6010040640830994
1040,1198,7.468381404876709
1041,1183,8.734277725219727
1042,683,7.2066144943237305
1043,1274,0.8201411962509155
1044,951,7.460414886474609
1045,15,13.13675308227539
1046,663,8.685638427734375
1047,993,0.9700987935066223
1048,1246,2.7337746620178223
1049,1032,5.0266523361206055
1050,1221,1.5258982181549072
1051,884,0.917547345161438
1052,1250,1.041662335395813
1053,1032,17.185802459716797
1054,1158,0.7914915680885315
1055,861,6.381409645080566
1056,1092,6.998237133026123
1057,921,0.5873439311981201
1058,1358,12.654037475585938
1059,1377,8.185522079467773
1060,1038,1.4635629653930664
1061,1236,1.4099116325378418
1062,1184,5.380360126495361
1063,1171,3.0308265686035156
1064,1236,1.37971830368042
1065,1289,4.380438327789307
1066,1338,0.890836775302887
1067,916,8.245858192443848
1068,1178,7.976454257965088
1069,993,0.9700987935066223
1070,1274,0.780789852142334
1071,1089,1.4457066059112549
1072,1280,7.564379692077637
1073,1048,2.7337746620178223
1074,1141,4.002074241638184
1075,1101,2.791369915008545
1076,718,15.640655517578125
1077,1310,8.020678520202637
1078,1144,3.4878458976745605
1079,1145,5.035552024841309
1080,1236,1.37971830368042
1081,1268,3.597174882888794
1082,1049,5.626983642578125
1083,1253,6.920974254608154
1084,801,8.501946449279785
1085,1280,9.078071594238281
1086,1081,3.5127458572387695
1087,1273,5.289697647094727
1088,1358,11.392801284790039
1089,1355,1.8869805335998535
1090,1194,16.9140682220459
1091,1260,8.132902145385742
1092,999,6.878645896911621
1093,1054,0.8373984098434448
1094,1280,0.9473534226417542
1095,1273,5.4070587158203125
1096,1246,2.18597412109375
1097,1039,0.6010040640830994
1098,1329,1.8119912147521973
1099,1032,3.5962681770324707
1100,1236,1.4099116325378418
1101,1210,2.7913713455200195
1102,1247,1.0934455394744873
1103,1049,5.626983642578125
1104,1221,1.9636667966842651
1105,1098,9.42735481262207
1106,1178,7.976454257965088
1107,1335,12.664337158203125
1108,957,6.724003314971924
1109,354,7.517304420471191
1110,1125,4.07227897644043
1111,1250,1.3431572914123535
1112,1125,4.07227897644043
1113,921,0.5873439311981201
1114,1066,0.890836775302887
1115,1110,4.07227897644043
1116,1236,7.204583644866943
1117,930,8.319385528564453
1118,1387,7.111954212188721
1119,886,11.347537994384766
1120,1250,1.041662335395813
1121,1332,2.7647628784179688
1122,1019,4.485316276550293
1123,1319,5.432530403137207
1124,1355,7.707653045654297
1125,1110,4.07227897644043
1126,975,6.776734352111816
1127,1226,7.055727958679199
1128,1060,1.28192138671875
1129,1388,13.883434295654297
1130,1169,1.361304759979248
1131,1145,3.128796100616455
1132,991,12.96310043334961
1133,413,5.827198028564453
1134,1362,12.285260200500488
1135,1151,12.326522827148438
1136,1260,8.132902145385742
1137,921,0.6018377542495728
1138,1183,6.441119194030762
1139,739,18.32353401184082
1140,1280,0.9473534226417542
1141,908,0.8208730220794678
1142,116,5.41214656829834
1143,1275,5.579800605773926
1144,1078,3.4878458976745605
1145,1295,2.7647628784179688
1146,1253,6.920971870422363
1147,706,9.802501678466797
1148,1227,4.8894147872924805
1149,1025,10.058229446411133
1150,1355,7.707653045654297
1151,1227,4.8894147872924805
1152,683,7.676414966583252
1153,136,14.709949493408203
1154,1119,10.164461135864258
1155,1225,3.075042963027954
1156,1212,1.9840898513793945
1157,1227,4.720147132873535
1158,1305,0.7910155653953552
1159,1286,3.1978492736816406
1160,1170,6.606644153594971
1161,1329,1.9982082843780518
1162,1206,6.285918235778809
1163,1382,7.610967636108398
1164,1125,3.6336593627929688
1165,955,3.940847396850586
1166,1212,1.9840898513793945
1167,22,18.583040237426758
1168,1304,8.948980331420898
1169,1130,1.361304759979248
1170,1214,6.606644153594971
1171,1237,3.668283462524414
1172,1201,5.0913777351379395
1173,1123,7.793920040130615
1174,908,0.6664049625396729
1175,1286,3.1978492736816406
1176,949,5.219928741455078
1177,1268,5.3385396003723145
1178,1068,7.976454257965088
1179,1241,0.9218103289604187
1180,949,5.3612518310546875
1181,1314,7.195789337158203
1182,908,0.8208730220794678
1183,1231,7.022588729858398
1184,1376,3.707278251647949
1185,1198,7.468381404876709
1186,1172,5.0913777351379395
1187,1304,0.9029001593589783
1188,1347,0.8157556056976318
1189,734,6.2372894287109375
1190,1304,0.9029001593589783
1191,1123,7.793920040130615
1192,915,10.892427444458008
1193,1094,0.8686989545822144
1194,718,17.231590270996094
1195,1060,1.28192138671875
1196,801,8.501946449279785
1197,1171,3.0308265686035156
1198,913,7.838884353637695
1199,1273,5.289697647094727
1200,1344,7.481766700744629
1201,1172,5.0913777351379395
1202,1341,1.4337468147277832
1203,1361,12.778881072998047
1204,919,6.303053379058838
1205,93,5.613186836242676
1206,846,4.8765764236450195
1207,1108,7.104307651519775
1208,1120,7.119972229003906
1209,1210,3.334622859954834
1210,1101,2.7913713455200195
1211,1302,2.950503349304199
1212,1166,1.9840898513793945
1213,1017,5.579800605773926
1214,1170,6.606644153594971
1215,1364,1.9718420505523682
1216,1358,12.654037475585938
1217,1376,3.707278251647949
1218,1249,1.6522302627563477
1219,683,7.2066144943237305
1220,915,10.604324340820312
1221,1364,1.3172838687896729
1222,1092,7.569206714630127
1223,1210,3.334622859954834
1224,1144,12.446985244750977
1225,1155,3.075042963027954
1226,1377,7.930355072021484
1227,1151,4.8894147872924805
1228,1280,2.297874927520752
1229,1327,1.0366922616958618
1230,1166,1.9840898513793945
1231,1283,6.419978141784668
1232,1017,6.982411861419678
1233,683,7.676414966583252
1234,1292,7.8052520751953125
1235,1227,4.720147132873535
1236,1061,1.4099116325378418
1237,1062,3.458407402038574
1238,1151,12.108231544494629
1239,1081,3.5127458572387695
1240,1302,3.465294122695923
1241,996,0.9218108654022217
1242,663,8.685638427734375
1243,1247,1.1459983587265015
1244,998,5.802746295928955
1245,1019,4.5482330322265625
1246,1048,2.7337746620178223
1247,1243,1.1459983587265015
1248,1068,6.716177940368652
1249,1286,2.0414233207702637
1250,1111,1.3431572914123535
1251,1094,0.8686989545822144
1252,1327,1.0366922616958618
1253,1249,1.6522302627563477
1254,516,9.047826766967773
1255,916,8.245858192443848
1256,1108,6.7230377197265625
1257,1103,4.642772197723389
1258,1185,9.906339645385742
1259,809,13.228717803955078
1260,1027,5.18339729309082
1261,845,0.8432199954986572
1262,1201,5.0913777351379395
1263,1268,3.597174882888794
1264,1304,0.8517798185348511
1265,1347,0.9769993424415588
1266,1092,6.62545108795166
1267,1247,1.1459983587265015
1268,1263,3.597174882888794
1269,1126,9.043912887573242
1270,1039,0.6010040640830994
1271,991,12.96310043334961
1272,1127,8.644956588745117
1273,1087,5.289697647094727
1274,1043,0.8201411962509155
1275,1017,5.579800605773926
1276,1202,1.4337468147277832
1277,1306,10.58759880065918
1278,1176,7.193846702575684
1279,1151,12.108231544494629
1280,1094,0.9473534226417542
1281,1103,4.642772197723389
1282,1355,1.8869805335998535
1283,1231,6.419978141784668
1284,1260,3.8362174034118652
1285,1316,5.048184871673584
1286,1249,2.0414233207702637
1287,1343,4.525786876678467
1288,1332,7.9540510177612305
1289,996,0.9218108654022217
1290,847,10.782058715820312
1291,1280,7.564379692077637
1292,1234,7.8052520751953125
1293,1165,3.9408464431762695
1294,1270,0.6010040640830994
1295,1332,2.7647628784179688
1296,1338,0.890836775302887
1297,1210,2.7913713455200195
1298,1376,2.9443516731262207
1299,1362,6.338905334472656
1300,1019,4.485316276550293
1301,1064,7.9807891845703125
1302,1241,0.8656007051467896
1303,1206,6.285918235778809
1304,1190,0.9029001593589783
1305,1158,0.7910155653953552
1306,1149,10.058229446411133
1307,1183,15.466797828674316
1308,1038,1.4635629653930664
1309,993,0.8149742484092712
1310,1108,6.873862266540527
1311,954,8.124074935913086
1312,327,6.263815879821777
1313,906,3.8033361434936523
1314,949,6.700113296508789
1315,1274,0.780789852142334
1316,1285,5.048184871673584
1317,993,0.8149742484092712
1318,861,6.381409645080566
1319,1273,5.4070587158203125
1320,1201,7.447081089019775
1321,1212,1.6361348628997803
1322,15,13.13675308227539
1323,1151,12.326522827148438
1324,1252,0.9500693082809448
1325,22,18.583040237426758
1326,884,0.8085653781890869
1327,1252,1.0366922616958618
1328,1296,0.873278021812439
1329,1161,1.9982082843780518
1330,1327,1.1569678783416748
1331,1149,13.70804214477539
1332,1295,2.7647628784179688
1333,1304,0.8517798185348511
1334,1268,5.236280918121338
1335,1285,5.048184871673584
1336,1316,10.219640731811523
1337,1280,9.078071594238281
1338,1066,0.890836775302887
1339,1361,7.931847095489502
1340,1304,8.948980331420898
1341,1202,1.4337468147277832
1342,734,6.2372894287109375
1343,955,3.940847873687744
1344,1003,6.6680426597595215
1345,1097,0.4095478355884552
1346,1087,10.10776138305664
1347,1381,0.9769993424415588
1348,1222,13.312402725219727
1349,1064,7.9807891845703125
1350,1269,16.032567977905273
1351,1086,9.09805679321289
1352,1032,17.185802459716797
1353,1032,3.6558187007904053
1354,346,10.108183860778809
1355,1089,1.8869805335998535
1356,346,10.108183860778809
1357,1260,5.607181072235107
1358,1088,11.392801284790039
1359,1247,1.0934455394744873
1360,1126,10.88623046875
1361,1108,6.403377532958984
1362,1078,3.3478426933288574
1363,883,17.7017765045166
1364,1341,1.4337468147277832
1365,1243,1.1459983587265015
1366,906,3.8033361434936523
1367,1145,3.1287953853607178
1368,1260,5.607181072235107
1369,1127,6.791477680206299
1370,1291,15.43113899230957
1371,1185,11.93305778503418
1372,1246,2.7337746620178223
1373,1306,10.58759880065918
1374,809,13.228717803955078
1375,413,5.827198028564453
1376,1241,0.8656007051467896
1377,1222,7.63127326965332
1378,1377,6.416706562042236
1379,739,16.66129493713379
1380,1174,3.91094970703125
1381,1347,0.9769993424415588
1382,1178,6.495537757873535
1383,869,20.165273666381836
1384,1069,0.9700987935066223
1385,1201,6.331713676452637
1386,1125,3.6336593627929688
1387,1250,1.3431572914123535
1388,706,7.79171085357666
1389,1313,3.4816317558288574
